This is cutadapt 1.8.1 with Python 2.7.9
Command line parameters: -b file:Data/barcode_ndv_exp.fasta --untrimmed-o unknow.fastq -o {name}.fastq Data/multiplexed_ndv_data.fastq
Trimming 9 adapters with at most 10.0% errors in single-end mode ...
Finished in 124.98 s (38 us/read; 1.57 M reads/minute).

=== Summary ===

Total reads processed:               3,278,718
Reads with adapters:                 3,131,205 (95.5%)
Reads written (passing filters):     3,278,718 (100.0%)

Total basepairs processed:   420,440,274 bp
Total written (filtered):    394,360,401 bp (93.8%)

=== Adapter 'n503' ===

Sequence: TAGCGAGT; Type: variable 5'/3'; Length: 8; Trimmed: 148853 times.
146621 times, it overlapped the 5' end of a read
2232 times, it overlapped the 3' end or was within the read

No. of allowed errors:
0-8 bp: 0

Overview of removed sequences (5')
length	count	expect	max.err	error counts
3	186	51230.0	0	186
4	98	12807.5	0	98
5	161	3201.9	0	161
6	3	800.5	0	3
7	425	200.1	0	425
8	145748	50.0	0	145748


Overview of removed sequences (3' or within)
length	count	expect	max.err	error counts
3	1072	51230.0	0	1072
4	121	12807.5	0	121
5	44	3201.9	0	44
6	7	800.5	0	7
7	6	200.1	0	6
8	6	50.0	0	6
9	8	50.0	0	8
10	5	50.0	0	5
11	3	50.0	0	3
12	3	50.0	0	3
13	6	50.0	0	6
14	4	50.0	0	4
15	6	50.0	0	6
16	4	50.0	0	4
17	1	50.0	0	1
18	4	50.0	0	4
19	3	50.0	0	3
20	1	50.0	0	1
21	1	50.0	0	1
22	2	50.0	0	2
23	2	50.0	0	2
24	15	50.0	0	15
25	21	50.0	0	21
26	34	50.0	0	34
27	69	50.0	0	69
28	68	50.0	0	68
29	86	50.0	0	86
30	30	50.0	0	30
31	31	50.0	0	31
32	22	50.0	0	22
33	14	50.0	0	14
34	6	50.0	0	6
35	14	50.0	0	14
36	10	50.0	0	10
37	11	50.0	0	11
38	11	50.0	0	11
39	4	50.0	0	4
40	8	50.0	0	8
41	5	50.0	0	5
42	6	50.0	0	6
43	12	50.0	0	12
44	7	50.0	0	7
45	5	50.0	0	5
46	5	50.0	0	5
47	11	50.0	0	11
48	5	50.0	0	5
49	3	50.0	0	3
50	4	50.0	0	4
51	3	50.0	0	3
52	4	50.0	0	4
53	5	50.0	0	5
54	6	50.0	0	6
55	6	50.0	0	6
56	1	50.0	0	1
57	2	50.0	0	2
58	2	50.0	0	2
59	5	50.0	0	5
60	4	50.0	0	4
61	6	50.0	0	6
62	6	50.0	0	6
63	3	50.0	0	3
64	1	50.0	0	1
65	1	50.0	0	1
66	1	50.0	0	1
67	1	50.0	0	1
68	1	50.0	0	1
69	3	50.0	0	3
70	3	50.0	0	3
71	2	50.0	0	2
72	3	50.0	0	3
73	1	50.0	0	1
74	6	50.0	0	6
75	3	50.0	0	3
76	1	50.0	0	1
77	3	50.0	0	3
78	1	50.0	0	1
79	1	50.0	0	1
80	4	50.0	0	4
81	4	50.0	0	4
82	3	50.0	0	3
83	1	50.0	0	1
84	4	50.0	0	4
85	3	50.0	0	3
86	4	50.0	0	4
87	3	50.0	0	3
88	2	50.0	0	2
89	2	50.0	0	2
90	1	50.0	0	1
91	1	50.0	0	1
92	2	50.0	0	2
93	3	50.0	0	3
94	1	50.0	0	1
95	1	50.0	0	1
96	1	50.0	0	1
97	2	50.0	0	2
98	2	50.0	0	2
101	1	50.0	0	1
103	1	50.0	0	1
106	2	50.0	0	2
107	5	50.0	0	5
108	5	50.0	0	5
109	2	50.0	0	2
110	1	50.0	0	1
112	1	50.0	0	1
113	2	50.0	0	2
114	1	50.0	0	1
115	2	50.0	0	2
117	1	50.0	0	1
118	1	50.0	0	1
119	4	50.0	0	4
121	2	50.0	0	2
124	1	50.0	0	1
125	1	50.0	0	1
127	1	50.0	0	1
128	1	50.0	0	1
129	1	50.0	0	1
131	1	50.0	0	1
132	2	50.0	0	2
133	5	50.0	0	5
134	1	50.0	0	1
135	1	50.0	0	1
136	2	50.0	0	2
137	2	50.0	0	2
138	2	50.0	0	2
139	1	50.0	0	1
141	3	50.0	0	3
142	1	50.0	0	1
144	2	50.0	0	2
146	3	50.0	0	3
147	4	50.0	0	4
148	4	50.0	0	4
149	2	50.0	0	2
150	2	50.0	0	2
151	5	50.0	0	5
152	6	50.0	0	6
153	1	50.0	0	1
155	2	50.0	0	2
156	1	50.0	0	1
157	1	50.0	0	1
158	1	50.0	0	1
160	4	50.0	0	4
163	1	50.0	0	1
170	1	50.0	0	1
171	1	50.0	0	1
172	1	50.0	0	1
175	1	50.0	0	1
176	1	50.0	0	1
178	1	50.0	0	1
180	2	50.0	0	2
181	1	50.0	0	1
182	1	50.0	0	1
183	1	50.0	0	1
186	1	50.0	0	1
187	2	50.0	0	2
191	1	50.0	0	1
192	1	50.0	0	1
195	1	50.0	0	1
197	2	50.0	0	2
198	1	50.0	0	1
199	3	50.0	0	3
200	1	50.0	0	1
201	2	50.0	0	2
202	3	50.0	0	3
203	3	50.0	0	3
204	2	50.0	0	2
205	1	50.0	0	1
206	1	50.0	0	1
207	3	50.0	0	3
208	2	50.0	0	2
209	3	50.0	0	3
210	4	50.0	0	4
211	4	50.0	0	4
212	2	50.0	0	2
213	3	50.0	0	3
214	2	50.0	0	2
215	3	50.0	0	3
216	1	50.0	0	1
217	1	50.0	0	1
218	2	50.0	0	2
219	5	50.0	0	5
220	2	50.0	0	2
221	2	50.0	0	2
222	1	50.0	0	1
223	2	50.0	0	2
224	2	50.0	0	2
225	3	50.0	0	3
226	4	50.0	0	4
227	4	50.0	0	4
228	3	50.0	0	3
229	1	50.0	0	1
230	3	50.0	0	3
232	1	50.0	0	1
238	1	50.0	0	1
239	2	50.0	0	2
241	1	50.0	0	1
243	3	50.0	0	3
244	3	50.0	0	3
245	3	50.0	0	3
250	1	50.0	0	1
251	1	50.0	0	1
252	1	50.0	0	1
260	1	50.0	0	1
263	1	50.0	0	1
264	1	50.0	0	1
265	3	50.0	0	3
268	1	50.0	0	1
270	1	50.0	0	1
272	1	50.0	0	1
275	1	50.0	0	1
276	1	50.0	0	1
278	2	50.0	0	2
282	1	50.0	0	1
283	1	50.0	0	1
284	1	50.0	0	1
286	1	50.0	0	1
289	1	50.0	0	1
298	1	50.0	0	1
299	1	50.0	0	1
300	1	50.0	0	1
302	1	50.0	0	1
308	1	50.0	0	1
310	2	50.0	0	2
317	1	50.0	0	1
320	1	50.0	0	1
322	2	50.0	0	2
327	1	50.0	0	1
329	2	50.0	0	2
330	2	50.0	0	2
336	2	50.0	0	2
338	1	50.0	0	1
339	1	50.0	0	1
340	2	50.0	0	2
341	2	50.0	0	2
342	1	50.0	0	1
343	1	50.0	0	1
344	1	50.0	0	1
347	1	50.0	0	1
348	1	50.0	0	1
349	2	50.0	0	2
350	1	50.0	0	1
352	2	50.0	0	2
355	1	50.0	0	1
356	1	50.0	0	1
361	1	50.0	0	1
363	1	50.0	0	1
369	1	50.0	0	1
374	1	50.0	0	1
383	1	50.0	0	1
391	2	50.0	0	2
392	1	50.0	0	1
393	1	50.0	0	1
416	1	50.0	0	1
418	1	50.0	0	1
429	1	50.0	0	1

=== Adapter 'n504' ===

Sequence: CTGCGTGT; Type: variable 5'/3'; Length: 8; Trimmed: 188945 times.
143255 times, it overlapped the 5' end of a read
45690 times, it overlapped the 3' end or was within the read

No. of allowed errors:
0-8 bp: 0

Overview of removed sequences (5')
length	count	expect	max.err	error counts
3	1253	51230.0	0	1253
4	91	12807.5	0	91
5	924	3201.9	0	924
6	35	800.5	0	35
7	132	200.1	0	132
8	140820	50.0	0	140820


Overview of removed sequences (3' or within)
length	count	expect	max.err	error counts
3	34102	51230.0	0	34102
4	8801	12807.5	0	8801
5	368	3201.9	0	368
6	47	800.5	0	47
7	19	200.1	0	19
8	24	50.0	0	24
9	32	50.0	0	32
10	30	50.0	0	30
11	39	50.0	0	39
12	33	50.0	0	33
13	32	50.0	0	32
14	49	50.0	0	49
15	17	50.0	0	17
16	24	50.0	0	24
17	29	50.0	0	29
18	26	50.0	0	26
19	15	50.0	0	15
20	15	50.0	0	15
21	13	50.0	0	13
22	18	50.0	0	18
23	22	50.0	0	22
24	38	50.0	0	38
25	37	50.0	0	37
26	59	50.0	0	59
27	93	50.0	0	93
28	124	50.0	0	124
29	124	50.0	0	124
30	106	50.0	0	106
31	44	50.0	0	44
32	38	50.0	0	38
33	35	50.0	0	35
34	25	50.0	0	25
35	26	50.0	0	26
36	31	50.0	0	31
37	17	50.0	0	17
38	15	50.0	0	15
39	16	50.0	0	16
40	22	50.0	0	22
41	22	50.0	0	22
42	17	50.0	0	17
43	18	50.0	0	18
44	14	50.0	0	14
45	18	50.0	0	18
46	16	50.0	0	16
47	12	50.0	0	12
48	17	50.0	0	17
49	15	50.0	0	15
50	15	50.0	0	15
51	12	50.0	0	12
52	8	50.0	0	8
53	7	50.0	0	7
54	10	50.0	0	10
55	8	50.0	0	8
56	14	50.0	0	14
57	10	50.0	0	10
58	8	50.0	0	8
59	11	50.0	0	11
60	6	50.0	0	6
61	7	50.0	0	7
62	8	50.0	0	8
63	11	50.0	0	11
64	5	50.0	0	5
65	9	50.0	0	9
66	7	50.0	0	7
67	4	50.0	0	4
68	10	50.0	0	10
69	4	50.0	0	4
70	9	50.0	0	9
71	6	50.0	0	6
72	19	50.0	0	19
73	7	50.0	0	7
74	7	50.0	0	7
75	3	50.0	0	3
76	2	50.0	0	2
77	3	50.0	0	3
78	6	50.0	0	6
79	6	50.0	0	6
80	7	50.0	0	7
81	3	50.0	0	3
82	3	50.0	0	3
83	6	50.0	0	6
84	5	50.0	0	5
85	3	50.0	0	3
86	5	50.0	0	5
87	4	50.0	0	4
89	5	50.0	0	5
90	2	50.0	0	2
91	4	50.0	0	4
92	2	50.0	0	2
93	3	50.0	0	3
94	4	50.0	0	4
95	3	50.0	0	3
96	1	50.0	0	1
97	3	50.0	0	3
98	14	50.0	0	14
99	20	50.0	0	20
100	4	50.0	0	4
101	5	50.0	0	5
102	8	50.0	0	8
103	3	50.0	0	3
105	4	50.0	0	4
106	3	50.0	0	3
107	3	50.0	0	3
108	5	50.0	0	5
109	2	50.0	0	2
110	7	50.0	0	7
111	8	50.0	0	8
112	2	50.0	0	2
113	2	50.0	0	2
114	4	50.0	0	4
115	9	50.0	0	9
116	2	50.0	0	2
117	4	50.0	0	4
118	2	50.0	0	2
119	2	50.0	0	2
120	2	50.0	0	2
121	3	50.0	0	3
122	3	50.0	0	3
123	1	50.0	0	1
124	8	50.0	0	8
125	1	50.0	0	1
126	6	50.0	0	6
127	7	50.0	0	7
128	2	50.0	0	2
129	2	50.0	0	2
130	6	50.0	0	6
131	2	50.0	0	2
132	2	50.0	0	2
133	5	50.0	0	5
134	2	50.0	0	2
135	1	50.0	0	1
136	1	50.0	0	1
139	2	50.0	0	2
140	3	50.0	0	3
141	1	50.0	0	1
143	3	50.0	0	3
144	1	50.0	0	1
145	4	50.0	0	4
146	1	50.0	0	1
147	4	50.0	0	4
148	2	50.0	0	2
149	3	50.0	0	3
150	2	50.0	0	2
151	3	50.0	0	3
152	1	50.0	0	1
153	3	50.0	0	3
154	2	50.0	0	2
155	3	50.0	0	3
156	5	50.0	0	5
157	3	50.0	0	3
158	4	50.0	0	4
159	3	50.0	0	3
160	4	50.0	0	4
161	1	50.0	0	1
162	2	50.0	0	2
163	3	50.0	0	3
164	1	50.0	0	1
165	3	50.0	0	3
166	3	50.0	0	3
167	6	50.0	0	6
168	2	50.0	0	2
169	2	50.0	0	2
170	1	50.0	0	1
171	4	50.0	0	4
172	1	50.0	0	1
173	3	50.0	0	3
174	1	50.0	0	1
176	3	50.0	0	3
177	1	50.0	0	1
178	1	50.0	0	1
179	3	50.0	0	3
180	3	50.0	0	3
181	1	50.0	0	1
182	4	50.0	0	4
183	4	50.0	0	4
184	3	50.0	0	3
185	3	50.0	0	3
186	1	50.0	0	1
187	1	50.0	0	1
188	1	50.0	0	1
191	1	50.0	0	1
192	1	50.0	0	1
193	1	50.0	0	1
195	2	50.0	0	2
196	2	50.0	0	2
197	2	50.0	0	2
199	1	50.0	0	1
200	5	50.0	0	5
201	3	50.0	0	3
204	4	50.0	0	4
206	2	50.0	0	2
207	3	50.0	0	3
208	1	50.0	0	1
209	3	50.0	0	3
210	9	50.0	0	9
211	5	50.0	0	5
212	5	50.0	0	5
213	4	50.0	0	4
214	2	50.0	0	2
215	1	50.0	0	1
216	2	50.0	0	2
217	3	50.0	0	3
218	2	50.0	0	2
219	1	50.0	0	1
220	1	50.0	0	1
221	4	50.0	0	4
222	4	50.0	0	4
225	1	50.0	0	1
226	4	50.0	0	4
227	3	50.0	0	3
228	5	50.0	0	5
229	5	50.0	0	5
230	5	50.0	0	5
231	4	50.0	0	4
232	2	50.0	0	2
233	5	50.0	0	5
234	1	50.0	0	1
235	7	50.0	0	7
236	2	50.0	0	2
237	2	50.0	0	2
238	1	50.0	0	1
239	1	50.0	0	1
240	1	50.0	0	1
241	3	50.0	0	3
242	3	50.0	0	3
244	1	50.0	0	1
246	2	50.0	0	2
247	2	50.0	0	2
248	3	50.0	0	3
250	1	50.0	0	1
251	4	50.0	0	4
252	6	50.0	0	6
253	3	50.0	0	3
254	7	50.0	0	7
255	6	50.0	0	6
256	4	50.0	0	4
257	2	50.0	0	2
258	2	50.0	0	2
259	1	50.0	0	1
260	2	50.0	0	2
261	1	50.0	0	1
262	3	50.0	0	3
263	2	50.0	0	2
264	1	50.0	0	1
265	2	50.0	0	2
266	1	50.0	0	1
267	2	50.0	0	2
268	1	50.0	0	1
269	3	50.0	0	3
272	3	50.0	0	3
273	1	50.0	0	1
274	7	50.0	0	7
275	2	50.0	0	2
277	2	50.0	0	2
278	2	50.0	0	2
279	3	50.0	0	3
280	3	50.0	0	3
282	1	50.0	0	1
284	1	50.0	0	1
285	1	50.0	0	1
286	3	50.0	0	3
287	1	50.0	0	1
288	1	50.0	0	1
289	1	50.0	0	1
290	2	50.0	0	2
291	2	50.0	0	2
292	3	50.0	0	3
294	6	50.0	0	6
295	1	50.0	0	1
296	4	50.0	0	4
297	2	50.0	0	2
298	3	50.0	0	3
299	7	50.0	0	7
300	6	50.0	0	6
301	13	50.0	0	13
302	1	50.0	0	1
303	4	50.0	0	4
304	2	50.0	0	2
305	2	50.0	0	2
308	3	50.0	0	3
310	2	50.0	0	2
311	4	50.0	0	4
312	3	50.0	0	3
314	1	50.0	0	1
315	2	50.0	0	2
317	2	50.0	0	2
318	1	50.0	0	1
320	1	50.0	0	1
321	1	50.0	0	1
322	2	50.0	0	2
324	1	50.0	0	1
326	4	50.0	0	4
327	1	50.0	0	1
330	1	50.0	0	1
332	2	50.0	0	2
333	2	50.0	0	2
334	1	50.0	0	1
339	1	50.0	0	1
341	1	50.0	0	1
342	3	50.0	0	3
343	1	50.0	0	1
344	3	50.0	0	3
345	2	50.0	0	2
347	1	50.0	0	1
348	1	50.0	0	1
349	3	50.0	0	3
350	2	50.0	0	2
351	2	50.0	0	2
353	1	50.0	0	1
354	1	50.0	0	1
355	2	50.0	0	2
358	1	50.0	0	1
361	1	50.0	0	1
369	1	50.0	0	1
380	1	50.0	0	1
384	1	50.0	0	1
411	1	50.0	0	1

=== Adapter 'n505' ===

Sequence: TCATCGAG; Type: variable 5'/3'; Length: 8; Trimmed: 1689989 times.
1675257 times, it overlapped the 5' end of a read
14732 times, it overlapped the 3' end or was within the read

No. of allowed errors:
0-8 bp: 0

Overview of removed sequences (5')
length	count	expect	max.err	error counts
3	565	51230.0	0	565
4	182	12807.5	0	182
5	68	3201.9	0	68
6	143	800.5	0	143
7	1227	200.1	0	1227
8	1673072	50.0	0	1673072


Overview of removed sequences (3' or within)
length	count	expect	max.err	error counts
3	1337	51230.0	0	1337
4	405	12807.5	0	405
5	140	3201.9	0	140
6	43	800.5	0	43
7	14	200.1	0	14
8	13	50.0	0	13
9	8	50.0	0	8
10	4	50.0	0	4
11	6	50.0	0	6
12	2	50.0	0	2
13	5	50.0	0	5
14	4	50.0	0	4
15	5	50.0	0	5
16	1	50.0	0	1
17	5	50.0	0	5
18	1	50.0	0	1
19	4	50.0	0	4
20	1	50.0	0	1
21	2	50.0	0	2
22	1	50.0	0	1
23	7	50.0	0	7
24	294	50.0	0	294
25	702	50.0	0	702
26	1133	50.0	0	1133
27	1594	50.0	0	1594
28	1182	50.0	0	1182
29	1089	50.0	0	1089
30	727	50.0	0	727
31	597	50.0	0	597
32	223	50.0	0	223
33	247	50.0	0	247
34	98	50.0	0	98
35	106	50.0	0	106
36	101	50.0	0	101
37	91	50.0	0	91
38	68	50.0	0	68
39	55	50.0	0	55
40	68	50.0	0	68
41	85	50.0	0	85
42	86	50.0	0	86
43	92	50.0	0	92
44	92	50.0	0	92
45	81	50.0	0	81
46	81	50.0	0	81
47	82	50.0	0	82
48	73	50.0	0	73
49	72	50.0	0	72
50	69	50.0	0	69
51	52	50.0	0	52
52	51	50.0	0	51
53	43	50.0	0	43
54	62	50.0	0	62
55	60	50.0	0	60
56	48	50.0	0	48
57	48	50.0	0	48
58	51	50.0	0	51
59	36	50.0	0	36
60	37	50.0	0	37
61	35	50.0	0	35
62	25	50.0	0	25
63	27	50.0	0	27
64	30	50.0	0	30
65	28	50.0	0	28
66	31	50.0	0	31
67	27	50.0	0	27
68	13	50.0	0	13
69	25	50.0	0	25
70	31	50.0	0	31
71	27	50.0	0	27
72	17	50.0	0	17
73	25	50.0	0	25
74	18	50.0	0	18
75	18	50.0	0	18
76	19	50.0	0	19
77	18	50.0	0	18
78	17	50.0	0	17
79	12	50.0	0	12
80	5	50.0	0	5
81	19	50.0	0	19
82	20	50.0	0	20
83	16	50.0	0	16
84	10	50.0	0	10
85	16	50.0	0	16
86	11	50.0	0	11
87	14	50.0	0	14
88	16	50.0	0	16
89	9	50.0	0	9
90	8	50.0	0	8
91	10	50.0	0	10
92	18	50.0	0	18
93	5	50.0	0	5
94	12	50.0	0	12
95	10	50.0	0	10
96	12	50.0	0	12
97	7	50.0	0	7
98	13	50.0	0	13
99	10	50.0	0	10
100	8	50.0	0	8
101	10	50.0	0	10
102	6	50.0	0	6
103	7	50.0	0	7
104	7	50.0	0	7
105	12	50.0	0	12
106	16	50.0	0	16
107	10	50.0	0	10
108	8	50.0	0	8
109	8	50.0	0	8
110	8	50.0	0	8
111	7	50.0	0	7
112	12	50.0	0	12
113	4	50.0	0	4
114	4	50.0	0	4
115	7	50.0	0	7
116	11	50.0	0	11
117	8	50.0	0	8
118	8	50.0	0	8
119	4	50.0	0	4
120	10	50.0	0	10
121	8	50.0	0	8
122	7	50.0	0	7
123	13	50.0	0	13
124	8	50.0	0	8
125	13	50.0	0	13
126	11	50.0	0	11
127	8	50.0	0	8
128	6	50.0	0	6
129	8	50.0	0	8
130	11	50.0	0	11
131	5	50.0	0	5
132	5	50.0	0	5
133	7	50.0	0	7
134	4	50.0	0	4
135	7	50.0	0	7
136	6	50.0	0	6
137	4	50.0	0	4
138	9	50.0	0	9
139	11	50.0	0	11
140	7	50.0	0	7
141	8	50.0	0	8
142	6	50.0	0	6
143	8	50.0	0	8
144	7	50.0	0	7
145	8	50.0	0	8
146	9	50.0	0	9
147	8	50.0	0	8
148	7	50.0	0	7
149	5	50.0	0	5
150	4	50.0	0	4
151	9	50.0	0	9
152	7	50.0	0	7
153	5	50.0	0	5
154	8	50.0	0	8
155	7	50.0	0	7
156	2	50.0	0	2
157	8	50.0	0	8
158	6	50.0	0	6
159	6	50.0	0	6
160	6	50.0	0	6
161	7	50.0	0	7
162	1	50.0	0	1
163	9	50.0	0	9
164	9	50.0	0	9
165	8	50.0	0	8
166	6	50.0	0	6
167	5	50.0	0	5
168	4	50.0	0	4
169	6	50.0	0	6
170	5	50.0	0	5
171	9	50.0	0	9
172	2	50.0	0	2
173	6	50.0	0	6
174	2	50.0	0	2
175	5	50.0	0	5
176	8	50.0	0	8
177	15	50.0	0	15
178	5	50.0	0	5
179	7	50.0	0	7
180	8	50.0	0	8
181	6	50.0	0	6
182	7	50.0	0	7
183	5	50.0	0	5
184	9	50.0	0	9
185	1	50.0	0	1
186	9	50.0	0	9
187	7	50.0	0	7
188	3	50.0	0	3
189	8	50.0	0	8
190	2	50.0	0	2
191	3	50.0	0	3
192	9	50.0	0	9
193	6	50.0	0	6
194	6	50.0	0	6
195	1	50.0	0	1
196	2	50.0	0	2
197	2	50.0	0	2
198	4	50.0	0	4
199	6	50.0	0	6
200	6	50.0	0	6
201	2	50.0	0	2
202	6	50.0	0	6
203	4	50.0	0	4
204	2	50.0	0	2
205	8	50.0	0	8
206	4	50.0	0	4
207	4	50.0	0	4
208	5	50.0	0	5
209	6	50.0	0	6
210	5	50.0	0	5
211	6	50.0	0	6
212	11	50.0	0	11
213	6	50.0	0	6
214	8	50.0	0	8
215	5	50.0	0	5
216	5	50.0	0	5
217	4	50.0	0	4
218	11	50.0	0	11
219	6	50.0	0	6
220	3	50.0	0	3
221	7	50.0	0	7
222	3	50.0	0	3
223	3	50.0	0	3
224	6	50.0	0	6
225	8	50.0	0	8
226	3	50.0	0	3
227	7	50.0	0	7
228	7	50.0	0	7
229	4	50.0	0	4
230	4	50.0	0	4
231	3	50.0	0	3
232	7	50.0	0	7
233	8	50.0	0	8
234	3	50.0	0	3
235	6	50.0	0	6
236	9	50.0	0	9
237	6	50.0	0	6
238	6	50.0	0	6
239	3	50.0	0	3
240	8	50.0	0	8
241	4	50.0	0	4
242	6	50.0	0	6
243	9	50.0	0	9
244	10	50.0	0	10
245	4	50.0	0	4
246	9	50.0	0	9
247	7	50.0	0	7
248	11	50.0	0	11
249	7	50.0	0	7
250	9	50.0	0	9
251	1	50.0	0	1
252	8	50.0	0	8
253	9	50.0	0	9
254	6	50.0	0	6
255	11	50.0	0	11
256	7	50.0	0	7
257	8	50.0	0	8
258	6	50.0	0	6
259	7	50.0	0	7
260	12	50.0	0	12
261	14	50.0	0	14
262	9	50.0	0	9
263	15	50.0	0	15
264	11	50.0	0	11
265	13	50.0	0	13
266	10	50.0	0	10
267	14	50.0	0	14
268	15	50.0	0	15
269	7	50.0	0	7
270	13	50.0	0	13
271	15	50.0	0	15
272	30	50.0	0	30
273	38	50.0	0	38
274	41	50.0	0	41
275	25	50.0	0	25
276	19	50.0	0	19
277	12	50.0	0	12
278	23	50.0	0	23
279	20	50.0	0	20
280	21	50.0	0	21
281	22	50.0	0	22
282	24	50.0	0	24
283	12	50.0	0	12
284	22	50.0	0	22
285	24	50.0	0	24
286	28	50.0	0	28
287	14	50.0	0	14
288	13	50.0	0	13
289	17	50.0	0	17
290	18	50.0	0	18
291	27	50.0	0	27
292	16	50.0	0	16
293	18	50.0	0	18
294	14	50.0	0	14
295	12	50.0	0	12
296	9	50.0	0	9
297	6	50.0	0	6
298	5	50.0	0	5
299	8	50.0	0	8
300	11	50.0	0	11
301	16	50.0	0	16
302	15	50.0	0	15
303	24	50.0	0	24
304	26	50.0	0	26
305	13	50.0	0	13
306	20	50.0	0	20
307	22	50.0	0	22
308	20	50.0	0	20
309	14	50.0	0	14
310	14	50.0	0	14
311	11	50.0	0	11
312	7	50.0	0	7
313	7	50.0	0	7
314	5	50.0	0	5
315	5	50.0	0	5
316	14	50.0	0	14
317	11	50.0	0	11
318	11	50.0	0	11
319	11	50.0	0	11
320	6	50.0	0	6
321	15	50.0	0	15
322	8	50.0	0	8
323	9	50.0	0	9
324	13	50.0	0	13
325	16	50.0	0	16
326	13	50.0	0	13
327	10	50.0	0	10
328	11	50.0	0	11
329	7	50.0	0	7
330	8	50.0	0	8
331	11	50.0	0	11
332	5	50.0	0	5
333	12	50.0	0	12
334	5	50.0	0	5
335	7	50.0	0	7
336	9	50.0	0	9
337	15	50.0	0	15
338	6	50.0	0	6
339	9	50.0	0	9
340	14	50.0	0	14
341	8	50.0	0	8
342	12	50.0	0	12
343	10	50.0	0	10
344	12	50.0	0	12
345	10	50.0	0	10
346	11	50.0	0	11
347	14	50.0	0	14
348	10	50.0	0	10
349	3	50.0	0	3
350	6	50.0	0	6
351	3	50.0	0	3
352	5	50.0	0	5
353	5	50.0	0	5
354	4	50.0	0	4
355	5	50.0	0	5
356	3	50.0	0	3
357	1	50.0	0	1
358	2	50.0	0	2
359	1	50.0	0	1
360	1	50.0	0	1
361	1	50.0	0	1
364	1	50.0	0	1
365	1	50.0	0	1
375	1	50.0	0	1
377	2	50.0	0	2
378	1	50.0	0	1
384	1	50.0	0	1
409	1	50.0	0	1

=== Adapter 'n506' ===

Sequence: CGTGAGTG; Type: variable 5'/3'; Length: 8; Trimmed: 754005 times.
744799 times, it overlapped the 5' end of a read
9206 times, it overlapped the 3' end or was within the read

No. of allowed errors:
0-8 bp: 0

Overview of removed sequences (5')
length	count	expect	max.err	error counts
3	259	51230.0	0	259
4	816	12807.5	0	816
5	82	3201.9	0	82
6	38	800.5	0	38
7	35	200.1	0	35
8	743569	50.0	0	743569


Overview of removed sequences (3' or within)
length	count	expect	max.err	error counts
3	2554	51230.0	0	2554
4	763	12807.5	0	763
5	187	3201.9	0	187
6	70	800.5	0	70
7	7	200.1	0	7
8	9	50.0	0	9
9	5	50.0	0	5
10	6	50.0	0	6
11	3	50.0	0	3
12	3	50.0	0	3
13	1	50.0	0	1
14	3	50.0	0	3
15	3	50.0	0	3
16	2	50.0	0	2
18	7	50.0	0	7
19	4	50.0	0	4
24	128	50.0	0	128
25	378	50.0	0	378
26	597	50.0	0	597
27	637	50.0	0	637
28	609	50.0	0	609
29	506	50.0	0	506
30	342	50.0	0	342
31	233	50.0	0	233
32	110	50.0	0	110
33	127	50.0	0	127
34	57	50.0	0	57
35	70	50.0	0	70
36	61	50.0	0	61
37	59	50.0	0	59
38	50	50.0	0	50
39	25	50.0	0	25
40	32	50.0	0	32
41	36	50.0	0	36
42	49	50.0	0	49
43	46	50.0	0	46
44	40	50.0	0	40
45	31	50.0	0	31
46	43	50.0	0	43
47	30	50.0	0	30
48	35	50.0	0	35
49	36	50.0	0	36
50	39	50.0	0	39
51	29	50.0	0	29
52	23	50.0	0	23
53	38	50.0	0	38
54	24	50.0	0	24
55	29	50.0	0	29
56	13	50.0	0	13
57	24	50.0	0	24
58	20	50.0	0	20
59	20	50.0	0	20
60	18	50.0	0	18
61	18	50.0	0	18
62	16	50.0	0	16
63	22	50.0	0	22
64	6	50.0	0	6
65	14	50.0	0	14
66	9	50.0	0	9
67	20	50.0	0	20
68	9	50.0	0	9
69	12	50.0	0	12
70	8	50.0	0	8
71	11	50.0	0	11
72	7	50.0	0	7
73	5	50.0	0	5
74	13	50.0	0	13
75	8	50.0	0	8
76	12	50.0	0	12
77	12	50.0	0	12
78	7	50.0	0	7
79	8	50.0	0	8
80	7	50.0	0	7
81	7	50.0	0	7
82	6	50.0	0	6
83	6	50.0	0	6
84	8	50.0	0	8
85	11	50.0	0	11
86	3	50.0	0	3
87	9	50.0	0	9
88	9	50.0	0	9
89	2	50.0	0	2
90	8	50.0	0	8
91	6	50.0	0	6
92	4	50.0	0	4
93	4	50.0	0	4
94	2	50.0	0	2
95	3	50.0	0	3
96	3	50.0	0	3
97	5	50.0	0	5
98	3	50.0	0	3
99	3	50.0	0	3
100	4	50.0	0	4
101	6	50.0	0	6
102	5	50.0	0	5
103	6	50.0	0	6
104	2	50.0	0	2
105	5	50.0	0	5
106	7	50.0	0	7
107	8	50.0	0	8
108	2	50.0	0	2
109	6	50.0	0	6
110	2	50.0	0	2
111	3	50.0	0	3
112	3	50.0	0	3
113	3	50.0	0	3
114	2	50.0	0	2
116	4	50.0	0	4
117	2	50.0	0	2
118	1	50.0	0	1
119	5	50.0	0	5
121	2	50.0	0	2
124	3	50.0	0	3
125	1	50.0	0	1
126	3	50.0	0	3
127	1	50.0	0	1
129	4	50.0	0	4
130	1	50.0	0	1
131	2	50.0	0	2
132	1	50.0	0	1
133	2	50.0	0	2
134	2	50.0	0	2
135	2	50.0	0	2
136	4	50.0	0	4
137	2	50.0	0	2
138	2	50.0	0	2
139	1	50.0	0	1
140	2	50.0	0	2
141	4	50.0	0	4
142	1	50.0	0	1
143	2	50.0	0	2
144	3	50.0	0	3
146	3	50.0	0	3
147	2	50.0	0	2
148	1	50.0	0	1
150	2	50.0	0	2
151	3	50.0	0	3
152	3	50.0	0	3
153	4	50.0	0	4
154	3	50.0	0	3
155	3	50.0	0	3
156	1	50.0	0	1
157	3	50.0	0	3
158	1	50.0	0	1
159	1	50.0	0	1
160	3	50.0	0	3
161	1	50.0	0	1
162	1	50.0	0	1
163	4	50.0	0	4
164	4	50.0	0	4
167	2	50.0	0	2
168	3	50.0	0	3
169	1	50.0	0	1
170	2	50.0	0	2
173	2	50.0	0	2
174	2	50.0	0	2
175	1	50.0	0	1
176	1	50.0	0	1
177	1	50.0	0	1
179	1	50.0	0	1
180	2	50.0	0	2
181	1	50.0	0	1
182	1	50.0	0	1
183	1	50.0	0	1
184	6	50.0	0	6
185	2	50.0	0	2
187	1	50.0	0	1
189	3	50.0	0	3
190	1	50.0	0	1
191	1	50.0	0	1
192	1	50.0	0	1
194	1	50.0	0	1
195	3	50.0	0	3
196	1	50.0	0	1
197	1	50.0	0	1
198	2	50.0	0	2
202	3	50.0	0	3
203	1	50.0	0	1
205	3	50.0	0	3
206	3	50.0	0	3
207	1	50.0	0	1
208	2	50.0	0	2
209	2	50.0	0	2
211	1	50.0	0	1
212	3	50.0	0	3
213	2	50.0	0	2
216	1	50.0	0	1
218	2	50.0	0	2
219	3	50.0	0	3
220	1	50.0	0	1
221	1	50.0	0	1
223	5	50.0	0	5
224	1	50.0	0	1
225	2	50.0	0	2
226	1	50.0	0	1
227	2	50.0	0	2
228	3	50.0	0	3
229	1	50.0	0	1
230	2	50.0	0	2
232	2	50.0	0	2
233	3	50.0	0	3
234	1	50.0	0	1
235	4	50.0	0	4
236	1	50.0	0	1
237	1	50.0	0	1
239	3	50.0	0	3
240	2	50.0	0	2
241	3	50.0	0	3
242	2	50.0	0	2
243	5	50.0	0	5
244	2	50.0	0	2
245	1	50.0	0	1
246	1	50.0	0	1
247	1	50.0	0	1
248	4	50.0	0	4
249	1	50.0	0	1
250	3	50.0	0	3
251	2	50.0	0	2
252	2	50.0	0	2
253	1	50.0	0	1
254	5	50.0	0	5
255	2	50.0	0	2
256	4	50.0	0	4
258	1	50.0	0	1
259	2	50.0	0	2
260	2	50.0	0	2
261	1	50.0	0	1
262	1	50.0	0	1
263	2	50.0	0	2
264	3	50.0	0	3
267	1	50.0	0	1
268	1	50.0	0	1
269	2	50.0	0	2
270	3	50.0	0	3
271	3	50.0	0	3
272	2	50.0	0	2
273	1	50.0	0	1
274	4	50.0	0	4
275	3	50.0	0	3
276	1	50.0	0	1
277	2	50.0	0	2
278	2	50.0	0	2
279	3	50.0	0	3
280	5	50.0	0	5
281	1	50.0	0	1
282	4	50.0	0	4
283	1	50.0	0	1
284	2	50.0	0	2
285	3	50.0	0	3
286	1	50.0	0	1
287	2	50.0	0	2
288	3	50.0	0	3
289	4	50.0	0	4
291	1	50.0	0	1
292	1	50.0	0	1
293	1	50.0	0	1
294	2	50.0	0	2
296	2	50.0	0	2
297	1	50.0	0	1
299	2	50.0	0	2
300	1	50.0	0	1
301	1	50.0	0	1
302	3	50.0	0	3
304	3	50.0	0	3
305	4	50.0	0	4
306	5	50.0	0	5
307	3	50.0	0	3
308	5	50.0	0	5
309	3	50.0	0	3
310	3	50.0	0	3
311	4	50.0	0	4
312	3	50.0	0	3
313	3	50.0	0	3
314	2	50.0	0	2
316	4	50.0	0	4
317	2	50.0	0	2
318	4	50.0	0	4
319	4	50.0	0	4
320	5	50.0	0	5
321	5	50.0	0	5
322	2	50.0	0	2
323	5	50.0	0	5
324	5	50.0	0	5
325	6	50.0	0	6
326	3	50.0	0	3
327	5	50.0	0	5
328	5	50.0	0	5
329	2	50.0	0	2
330	2	50.0	0	2
331	4	50.0	0	4
332	1	50.0	0	1
333	3	50.0	0	3
334	3	50.0	0	3
335	2	50.0	0	2
336	6	50.0	0	6
337	4	50.0	0	4
338	5	50.0	0	5
339	3	50.0	0	3
340	2	50.0	0	2
341	2	50.0	0	2
342	7	50.0	0	7
343	2	50.0	0	2
344	3	50.0	0	3
345	8	50.0	0	8
346	4	50.0	0	4
347	3	50.0	0	3
348	8	50.0	0	8
349	2	50.0	0	2
350	4	50.0	0	4
351	3	50.0	0	3
352	1	50.0	0	1
353	1	50.0	0	1
354	4	50.0	0	4
355	1	50.0	0	1
356	1	50.0	0	1
358	1	50.0	0	1
361	2	50.0	0	2
362	1	50.0	0	1
363	1	50.0	0	1
364	1	50.0	0	1
365	3	50.0	0	3
366	4	50.0	0	4
367	2	50.0	0	2
368	2	50.0	0	2
369	1	50.0	0	1
371	1	50.0	0	1
372	1	50.0	0	1
373	1	50.0	0	1
375	1	50.0	0	1
376	2	50.0	0	2
377	1	50.0	0	1
378	1	50.0	0	1
381	1	50.0	0	1
382	1	50.0	0	1
383	1	50.0	0	1
385	2	50.0	0	2
387	1	50.0	0	1
392	1	50.0	0	1
413	1	50.0	0	1

=== Adapter 'n507' ===

Sequence: GGATATCT; Type: variable 5'/3'; Length: 8; Trimmed: 175480 times.
168271 times, it overlapped the 5' end of a read
7209 times, it overlapped the 3' end or was within the read

No. of allowed errors:
0-8 bp: 0

Overview of removed sequences (5')
length	count	expect	max.err	error counts
3	4488	51230.0	0	4488
4	79	12807.5	0	79
5	31	3201.9	0	31
6	14	800.5	0	14
7	13274	200.1	0	13274
8	150385	50.0	0	150385


Overview of removed sequences (3' or within)
length	count	expect	max.err	error counts
3	5526	51230.0	0	5526
4	551	12807.5	0	551
5	48	3201.9	0	48
6	14	800.5	0	14
7	6	200.1	0	6
8	7	50.0	0	7
9	2	50.0	0	2
10	3	50.0	0	3
11	4	50.0	0	4
12	5	50.0	0	5
13	3	50.0	0	3
14	9	50.0	0	9
15	5	50.0	0	5
16	4	50.0	0	4
17	2	50.0	0	2
18	8	50.0	0	8
19	3	50.0	0	3
21	3	50.0	0	3
22	4	50.0	0	4
23	1	50.0	0	1
24	44	50.0	0	44
25	34	50.0	0	34
26	48	50.0	0	48
27	38	50.0	0	38
28	49	50.0	0	49
29	40	50.0	0	40
30	34	50.0	0	34
31	23	50.0	0	23
32	15	50.0	0	15
33	10	50.0	0	10
34	8	50.0	0	8
35	11	50.0	0	11
36	6	50.0	0	6
37	8	50.0	0	8
38	6	50.0	0	6
39	4	50.0	0	4
40	5	50.0	0	5
41	4	50.0	0	4
42	6	50.0	0	6
43	6	50.0	0	6
44	1	50.0	0	1
45	8	50.0	0	8
46	10	50.0	0	10
47	3	50.0	0	3
48	6	50.0	0	6
49	3	50.0	0	3
50	5	50.0	0	5
51	7	50.0	0	7
52	8	50.0	0	8
53	7	50.0	0	7
54	4	50.0	0	4
55	4	50.0	0	4
56	5	50.0	0	5
57	2	50.0	0	2
58	1	50.0	0	1
59	3	50.0	0	3
60	4	50.0	0	4
61	7	50.0	0	7
62	4	50.0	0	4
63	5	50.0	0	5
64	3	50.0	0	3
65	2	50.0	0	2
66	4	50.0	0	4
67	2	50.0	0	2
68	5	50.0	0	5
69	3	50.0	0	3
70	2	50.0	0	2
71	3	50.0	0	3
72	4	50.0	0	4
73	5	50.0	0	5
74	5	50.0	0	5
75	6	50.0	0	6
76	2	50.0	0	2
77	4	50.0	0	4
78	3	50.0	0	3
79	1	50.0	0	1
80	3	50.0	0	3
81	4	50.0	0	4
82	4	50.0	0	4
83	3	50.0	0	3
84	2	50.0	0	2
85	1	50.0	0	1
86	1	50.0	0	1
87	4	50.0	0	4
89	4	50.0	0	4
90	5	50.0	0	5
91	4	50.0	0	4
92	1	50.0	0	1
93	2	50.0	0	2
94	3	50.0	0	3
95	1	50.0	0	1
96	3	50.0	0	3
97	1	50.0	0	1
98	2	50.0	0	2
99	2	50.0	0	2
100	1	50.0	0	1
101	1	50.0	0	1
102	4	50.0	0	4
103	3	50.0	0	3
104	2	50.0	0	2
105	3	50.0	0	3
106	4	50.0	0	4
107	4	50.0	0	4
108	2	50.0	0	2
109	2	50.0	0	2
110	5	50.0	0	5
111	3	50.0	0	3
112	2	50.0	0	2
113	3	50.0	0	3
114	3	50.0	0	3
115	4	50.0	0	4
116	4	50.0	0	4
117	3	50.0	0	3
118	3	50.0	0	3
119	1	50.0	0	1
120	2	50.0	0	2
121	5	50.0	0	5
122	1	50.0	0	1
123	2	50.0	0	2
124	2	50.0	0	2
125	2	50.0	0	2
126	2	50.0	0	2
127	3	50.0	0	3
128	2	50.0	0	2
129	3	50.0	0	3
130	3	50.0	0	3
131	2	50.0	0	2
132	1	50.0	0	1
134	3	50.0	0	3
135	1	50.0	0	1
137	4	50.0	0	4
138	1	50.0	0	1
139	1	50.0	0	1
141	1	50.0	0	1
142	1	50.0	0	1
143	2	50.0	0	2
144	2	50.0	0	2
146	1	50.0	0	1
147	2	50.0	0	2
149	3	50.0	0	3
150	4	50.0	0	4
152	2	50.0	0	2
154	3	50.0	0	3
155	3	50.0	0	3
156	2	50.0	0	2
158	1	50.0	0	1
159	3	50.0	0	3
164	3	50.0	0	3
165	1	50.0	0	1
166	1	50.0	0	1
167	1	50.0	0	1
168	1	50.0	0	1
169	2	50.0	0	2
171	3	50.0	0	3
174	2	50.0	0	2
175	2	50.0	0	2
178	1	50.0	0	1
179	1	50.0	0	1
181	2	50.0	0	2
183	1	50.0	0	1
185	2	50.0	0	2
186	1	50.0	0	1
191	2	50.0	0	2
192	2	50.0	0	2
193	3	50.0	0	3
194	3	50.0	0	3
195	1	50.0	0	1
197	2	50.0	0	2
198	3	50.0	0	3
199	2	50.0	0	2
201	1	50.0	0	1
203	1	50.0	0	1
205	2	50.0	0	2
206	2	50.0	0	2
207	2	50.0	0	2
208	2	50.0	0	2
210	1	50.0	0	1
211	3	50.0	0	3
212	1	50.0	0	1
213	2	50.0	0	2
214	4	50.0	0	4
217	2	50.0	0	2
218	1	50.0	0	1
219	1	50.0	0	1
221	4	50.0	0	4
222	2	50.0	0	2
223	2	50.0	0	2
224	1	50.0	0	1
225	1	50.0	0	1
226	2	50.0	0	2
228	4	50.0	0	4
229	2	50.0	0	2
232	2	50.0	0	2
233	1	50.0	0	1
235	2	50.0	0	2
236	1	50.0	0	1
238	2	50.0	0	2
239	1	50.0	0	1
242	3	50.0	0	3
243	3	50.0	0	3
244	1	50.0	0	1
245	1	50.0	0	1
246	1	50.0	0	1
249	1	50.0	0	1
250	1	50.0	0	1
251	1	50.0	0	1
252	1	50.0	0	1
253	3	50.0	0	3
254	2	50.0	0	2
255	1	50.0	0	1
257	3	50.0	0	3
258	5	50.0	0	5
259	2	50.0	0	2
260	1	50.0	0	1
261	2	50.0	0	2
262	2	50.0	0	2
263	1	50.0	0	1
265	1	50.0	0	1
267	1	50.0	0	1
268	1	50.0	0	1
269	1	50.0	0	1
270	1	50.0	0	1
271	2	50.0	0	2
272	2	50.0	0	2
273	2	50.0	0	2
277	3	50.0	0	3
278	1	50.0	0	1
283	1	50.0	0	1
284	2	50.0	0	2
286	2	50.0	0	2
288	1	50.0	0	1
289	5	50.0	0	5
290	3	50.0	0	3
291	4	50.0	0	4
292	2	50.0	0	2
293	2	50.0	0	2
295	1	50.0	0	1
299	1	50.0	0	1
300	2	50.0	0	2
303	1	50.0	0	1
305	1	50.0	0	1
306	2	50.0	0	2
307	1	50.0	0	1
308	3	50.0	0	3
310	2	50.0	0	2
311	2	50.0	0	2
312	1	50.0	0	1
313	1	50.0	0	1
315	1	50.0	0	1
316	1	50.0	0	1
317	2	50.0	0	2
318	1	50.0	0	1
320	3	50.0	0	3
321	1	50.0	0	1
322	1	50.0	0	1
323	1	50.0	0	1
324	3	50.0	0	3
327	2	50.0	0	2
328	1	50.0	0	1
329	2	50.0	0	2
331	2	50.0	0	2
332	3	50.0	0	3
333	1	50.0	0	1
335	2	50.0	0	2
336	2	50.0	0	2
337	2	50.0	0	2
338	3	50.0	0	3
339	2	50.0	0	2
340	1	50.0	0	1
341	7	50.0	0	7
342	4	50.0	0	4
343	3	50.0	0	3
344	6	50.0	0	6
345	3	50.0	0	3
346	5	50.0	0	5
347	7	50.0	0	7
350	1	50.0	0	1
359	1	50.0	0	1
360	1	50.0	0	1
361	1	50.0	0	1
362	1	50.0	0	1
365	1	50.0	0	1
366	1	50.0	0	1
368	2	50.0	0	2
369	1	50.0	0	1
371	1	50.0	0	1
376	1	50.0	0	1
377	2	50.0	0	2
378	1	50.0	0	1
389	1	50.0	0	1
393	1	50.0	0	1
396	1	50.0	0	1

=== Adapter 'n508' ===

Sequence: GACACCGT; Type: variable 5'/3'; Length: 8; Trimmed: 35285 times.
32369 times, it overlapped the 5' end of a read
2916 times, it overlapped the 3' end or was within the read

No. of allowed errors:
0-8 bp: 0

Overview of removed sequences (5')
length	count	expect	max.err	error counts
3	32211	51230.0	0	32211
4	53	12807.5	0	53
5	19	3201.9	0	19
6	4	800.5	0	4
7	1	200.1	0	1
8	81	50.0	0	81


Overview of removed sequences (3' or within)
length	count	expect	max.err	error counts
3	2390	51230.0	0	2390
4	405	12807.5	0	405
5	71	3201.9	0	71
6	12	800.5	0	12
8	1	50.0	0	1
11	1	50.0	0	1
13	1	50.0	0	1
14	1	50.0	0	1
16	2	50.0	0	2
19	1	50.0	0	1
23	3	50.0	0	3
25	1	50.0	0	1
27	2	50.0	0	2
37	1	50.0	0	1
42	1	50.0	0	1
52	1	50.0	0	1
54	1	50.0	0	1
60	1	50.0	0	1
61	1	50.0	0	1
63	1	50.0	0	1
66	2	50.0	0	2
67	1	50.0	0	1
68	2	50.0	0	2
69	4	50.0	0	4
82	2	50.0	0	2
86	3	50.0	0	3
87	1	50.0	0	1
123	1	50.0	0	1
147	1	50.0	0	1
205	1	50.0	0	1

=== Adapter 'n509' ===

Sequence: CTACTATA; Type: variable 5'/3'; Length: 8; Trimmed: 4710 times.
3605 times, it overlapped the 5' end of a read
1105 times, it overlapped the 3' end or was within the read

No. of allowed errors:
0-8 bp: 0

Overview of removed sequences (5')
length	count	expect	max.err	error counts
3	296	51230.0	0	296
4	52	12807.5	0	52
5	182	3201.9	0	182
6	2	800.5	0	2
7	10	200.1	0	10
8	3063	50.0	0	3063


Overview of removed sequences (3' or within)
length	count	expect	max.err	error counts
3	670	51230.0	0	670
4	281	12807.5	0	281
5	92	3201.9	0	92
6	12	800.5	0	12
7	4	200.1	0	4
10	1	50.0	0	1
13	1	50.0	0	1
14	1	50.0	0	1
15	1	50.0	0	1
17	2	50.0	0	2
18	1	50.0	0	1
19	1	50.0	0	1
22	1	50.0	0	1
23	1	50.0	0	1
24	1	50.0	0	1
25	1	50.0	0	1
26	2	50.0	0	2
27	4	50.0	0	4
28	1	50.0	0	1
29	4	50.0	0	4
30	1	50.0	0	1
31	2	50.0	0	2
38	1	50.0	0	1
42	1	50.0	0	1
45	1	50.0	0	1
66	1	50.0	0	1
73	1	50.0	0	1
76	1	50.0	0	1
78	1	50.0	0	1
91	1	50.0	0	1
109	1	50.0	0	1
140	1	50.0	0	1
152	1	50.0	0	1
162	1	50.0	0	1
163	1	50.0	0	1
177	1	50.0	0	1
223	1	50.0	0	1
252	1	50.0	0	1
265	1	50.0	0	1
288	1	50.0	0	1
326	1	50.0	0	1
334	1	50.0	0	1

=== Adapter 'n510' ===

Sequence: CGTTACTA; Type: variable 5'/3'; Length: 8; Trimmed: 2389 times.
1880 times, it overlapped the 5' end of a read
509 times, it overlapped the 3' end or was within the read

No. of allowed errors:
0-8 bp: 0

Overview of removed sequences (5')
length	count	expect	max.err	error counts
3	582	51230.0	0	582
4	159	12807.5	0	159
5	10	3201.9	0	10
6	3	800.5	0	3
7	1	200.1	0	1
8	1125	50.0	0	1125


Overview of removed sequences (3' or within)
length	count	expect	max.err	error counts
4	270	12807.5	0	270
5	58	3201.9	0	58
6	19	800.5	0	19
7	1	200.1	0	1
10	1	50.0	0	1
12	2	50.0	0	2
13	2	50.0	0	2
14	2	50.0	0	2
15	2	50.0	0	2
16	2	50.0	0	2
17	1	50.0	0	1
18	2	50.0	0	2
19	1	50.0	0	1
21	1	50.0	0	1
22	1	50.0	0	1
25	1	50.0	0	1
26	1	50.0	0	1
27	3	50.0	0	3
28	2	50.0	0	2
29	1	50.0	0	1
30	1	50.0	0	1
31	1	50.0	0	1
36	1	50.0	0	1
38	1	50.0	0	1
39	1	50.0	0	1
43	2	50.0	0	2
46	1	50.0	0	1
48	1	50.0	0	1
63	1	50.0	0	1
65	1	50.0	0	1
67	1	50.0	0	1
69	2	50.0	0	2
72	1	50.0	0	1
73	1	50.0	0	1
78	1	50.0	0	1
79	1	50.0	0	1
81	1	50.0	0	1
82	3	50.0	0	3
83	2	50.0	0	2
84	2	50.0	0	2
86	1	50.0	0	1
95	2	50.0	0	2
96	1	50.0	0	1
107	2	50.0	0	2
108	2	50.0	0	2
109	13	50.0	0	13
110	22	50.0	0	22
111	14	50.0	0	14
112	9	50.0	0	9
113	13	50.0	0	13
114	11	50.0	0	11
115	3	50.0	0	3
116	3	50.0	0	3
120	1	50.0	0	1
131	2	50.0	0	2
132	1	50.0	0	1
133	4	50.0	0	4
134	1	50.0	0	1
144	1	50.0	0	1
206	1	50.0	0	1
223	1	50.0	0	1
224	1	50.0	0	1
266	1	50.0	0	1

=== Adapter 'n511' ===

Sequence: AGAGTCAC; Type: variable 5'/3'; Length: 8; Trimmed: 131549 times.
128873 times, it overlapped the 5' end of a read
2676 times, it overlapped the 3' end or was within the read

No. of allowed errors:
0-8 bp: 0

Overview of removed sequences (5')
length	count	expect	max.err	error counts
3	451	51230.0	0	451
4	2207	12807.5	0	2207
5	40	3201.9	0	40
6	1	800.5	0	1
8	126174	50.0	0	126174


Overview of removed sequences (3' or within)
length	count	expect	max.err	error counts
3	1008	51230.0	0	1008
4	316	12807.5	0	316
5	74	3201.9	0	74
6	11	800.5	0	11
7	3	200.1	0	3
10	1	50.0	0	1
13	1	50.0	0	1
14	1	50.0	0	1
15	2	50.0	0	2
17	1	50.0	0	1
18	1	50.0	0	1
20	1	50.0	0	1
21	1	50.0	0	1
22	2	50.0	0	2
23	1	50.0	0	1
24	46	50.0	0	46
25	107	50.0	0	107
26	100	50.0	0	100
27	100	50.0	0	100
28	96	50.0	0	96
29	82	50.0	0	82
30	58	50.0	0	58
31	56	50.0	0	56
32	21	50.0	0	21
33	39	50.0	0	39
34	8	50.0	0	8
35	10	50.0	0	10
36	7	50.0	0	7
37	8	50.0	0	8
38	6	50.0	0	6
39	3	50.0	0	3
40	7	50.0	0	7
41	10	50.0	0	10
42	11	50.0	0	11
43	8	50.0	0	8
44	10	50.0	0	10
45	8	50.0	0	8
46	8	50.0	0	8
47	9	50.0	0	9
48	4	50.0	0	4
49	8	50.0	0	8
50	9	50.0	0	9
51	3	50.0	0	3
52	7	50.0	0	7
53	4	50.0	0	4
54	7	50.0	0	7
55	8	50.0	0	8
56	4	50.0	0	4
57	9	50.0	0	9
58	6	50.0	0	6
59	5	50.0	0	5
60	7	50.0	0	7
61	3	50.0	0	3
62	5	50.0	0	5
63	3	50.0	0	3
64	2	50.0	0	2
65	4	50.0	0	4
66	7	50.0	0	7
67	3	50.0	0	3
68	1	50.0	0	1
69	1	50.0	0	1
70	2	50.0	0	2
71	3	50.0	0	3
72	4	50.0	0	4
73	1	50.0	0	1
75	3	50.0	0	3
76	3	50.0	0	3
77	3	50.0	0	3
78	1	50.0	0	1
79	1	50.0	0	1
81	5	50.0	0	5
82	5	50.0	0	5
83	8	50.0	0	8
84	8	50.0	0	8
85	13	50.0	0	13
86	2	50.0	0	2
87	4	50.0	0	4
88	3	50.0	0	3
89	2	50.0	0	2
90	3	50.0	0	3
91	2	50.0	0	2
93	3	50.0	0	3
94	1	50.0	0	1
95	3	50.0	0	3
96	1	50.0	0	1
100	1	50.0	0	1
101	2	50.0	0	2
102	5	50.0	0	5
104	3	50.0	0	3
105	3	50.0	0	3
106	2	50.0	0	2
109	1	50.0	0	1
110	1	50.0	0	1
112	2	50.0	0	2
113	1	50.0	0	1
114	5	50.0	0	5
115	1	50.0	0	1
118	2	50.0	0	2
120	1	50.0	0	1
121	1	50.0	0	1
122	1	50.0	0	1
123	4	50.0	0	4
124	4	50.0	0	4
126	1	50.0	0	1
127	2	50.0	0	2
128	2	50.0	0	2
130	2	50.0	0	2
132	3	50.0	0	3
133	1	50.0	0	1
134	1	50.0	0	1
136	3	50.0	0	3
137	1	50.0	0	1
138	2	50.0	0	2
139	1	50.0	0	1
141	2	50.0	0	2
142	1	50.0	0	1
143	2	50.0	0	2
145	1	50.0	0	1
147	1	50.0	0	1
149	3	50.0	0	3
150	4	50.0	0	4
151	1	50.0	0	1
152	1	50.0	0	1
155	1	50.0	0	1
157	1	50.0	0	1
160	1	50.0	0	1
161	1	50.0	0	1
163	1	50.0	0	1
164	1	50.0	0	1
172	1	50.0	0	1
180	1	50.0	0	1
181	1	50.0	0	1
183	2	50.0	0	2
185	1	50.0	0	1
187	1	50.0	0	1
188	1	50.0	0	1
189	2	50.0	0	2
195	1	50.0	0	1
198	1	50.0	0	1
199	3	50.0	0	3
200	1	50.0	0	1
201	1	50.0	0	1
202	2	50.0	0	2
203	1	50.0	0	1
206	3	50.0	0	3
210	2	50.0	0	2
211	2	50.0	0	2
212	1	50.0	0	1
213	1	50.0	0	1
214	2	50.0	0	2
219	1	50.0	0	1
221	2	50.0	0	2
223	1	50.0	0	1
228	1	50.0	0	1
230	1	50.0	0	1
232	3	50.0	0	3
234	1	50.0	0	1
235	1	50.0	0	1
237	1	50.0	0	1
239	1	50.0	0	1
240	2	50.0	0	2
242	3	50.0	0	3
243	2	50.0	0	2
246	1	50.0	0	1
249	2	50.0	0	2
250	1	50.0	0	1
253	4	50.0	0	4
254	1	50.0	0	1
255	1	50.0	0	1
258	1	50.0	0	1
262	1	50.0	0	1
264	1	50.0	0	1
266	1	50.0	0	1
267	1	50.0	0	1
270	1	50.0	0	1
271	1	50.0	0	1
272	3	50.0	0	3
273	1	50.0	0	1
274	2	50.0	0	2
275	1	50.0	0	1
276	2	50.0	0	2
277	2	50.0	0	2
278	2	50.0	0	2
279	1	50.0	0	1
280	1	50.0	0	1
281	1	50.0	0	1
283	2	50.0	0	2
288	2	50.0	0	2
292	1	50.0	0	1
294	1	50.0	0	1
297	1	50.0	0	1
299	1	50.0	0	1
300	1	50.0	0	1
301	1	50.0	0	1
305	5	50.0	0	5
306	3	50.0	0	3
307	4	50.0	0	4
308	4	50.0	0	4
309	1	50.0	0	1
310	1	50.0	0	1
311	1	50.0	0	1
315	1	50.0	0	1
316	1	50.0	0	1
317	1	50.0	0	1
318	1	50.0	0	1
319	1	50.0	0	1
320	1	50.0	0	1
321	1	50.0	0	1
322	2	50.0	0	2
323	1	50.0	0	1
325	1	50.0	0	1
327	2	50.0	0	2
331	1	50.0	0	1
333	1	50.0	0	1
334	2	50.0	0	2
338	2	50.0	0	2
339	1	50.0	0	1
340	2	50.0	0	2
341	3	50.0	0	3
342	2	50.0	0	2
344	2	50.0	0	2
345	1	50.0	0	1
348	1	50.0	0	1
349	2	50.0	0	2
350	1	50.0	0	1
351	1	50.0	0	1
354	2	50.0	0	2
355	2	50.0	0	2
356	1	50.0	0	1
357	1	50.0	0	1
364	1	50.0	0	1
367	1	50.0	0	1
372	1	50.0	0	1
381	1	50.0	0	1
382	1	50.0	0	1

